18645582668
18507461783
18656977557
13026014446
13083416790
13063303664
13083066065
13083061574
18605642157
13155160480
18697665608
13035409063
18697629435
13035055089
13033068972
13033061358
13074071833
13155666545
13034042341
13083080335
13075540345
18656048561
13030658231
13075562814
13145507015
18655453123
18655043833
13156625620
13095537177
13155549895
13004015675
13003065389
13135485951
13083228952
13033190121
13167738502
13075506265
13093336180
13135550134
13013165641
13013085252
13063440664
13095589114
13034045251
13034042242
18656127884
13083260146
13063445524
18655536297
13063358204
18656369101
18655452026
13075531935
18555963235
13095558423
13095555281
13013131417
13063212065
13063219832
13093331114
13034086781
13034012965
13013146157
13074057793
13074058864
13033193815
13053117003
13156662257
13095550052
13085037863
13085033103
13083428217
18697539430
13014048857
13034047251
13034040770
13075570607
13083280493
13093438754
13013079890
18656432363
13033069783
13003089899
18654268290
13004046890
13053165898
18655190068
13004019194
13053296791
13035499730
13034046935
13035068431
13075508179
13085564211
13053251193
13075540547
13035415517
13085023010
13075518542
13085040022
13155312591
18655537329
13013074793
13155090557
18656047794
18656041584
13023015220
13003043890
18605699901
13085551113
18656458190
13093558879
13085062783
13085591829
13075521877
13083258772
13026005682
13155518341
18655358612
13053036574
13035093810
18655430907
13035405034
18697638868
18656900020
13093300337
13093307267
13030617224
18656096901
13075027793
13053033013
13035490803
18654157436
13156551823
13075529002
13075017737
13023055601
13093598274
13083400278
13085046194
13026011224
13075064457
13085547275
13156650023
13075571754
18656972692
13034043794
13093312221
13030695958
13155137468
13034058090
18656321572
13033082738
13085014832
18505685002
18655756374
13084048818
13084046041
13004088542
13063412837
13075511291
13063381471
18655397748
13033001587
13053052889
13063209203
13075070094
18656379074
13135526237
13093634528
13093631873
13053199012
13024022121
13084076113
13083013352
13083027554
13145502542
18655151618
13035000509
13063419722
13085520334
18555639794
18555680707
13053091313
13084017731
13135567704
13033063932
13074019476
13053030850
13026050557
18656473442
13030640058
13013119902
18655215325
13099126652
13119316662
13141933614
18693609971
18693609216
13119421023
18693930274
18693109035
18693112850
18693114901
13034174148
13109395115
13109432916
13034115522
18693291719
18693076487
13109333576
13085971583
13038778395
13038771523
18693226545
13042922194
13028765108
13109430778
18693100736
13088715077
13109329748
13088733348
13014105224
13139439823
13079399483
13014111072
18693703081
13139327857
13099232864
18693280997
18693456000
18609421603
13088706166
13099189737
18693826262
18693823090
18693160030
13085923342
13099395795
13119431505
18693174267
18693257538
18693254170
13109334476
13038733791
13038731533
13119419765
13139371982
13109444773
18693098167
13109307139
18693125561
18693126172
18693157651
13109425722
13088706885
13038776981
13079313669
13014109227
13079372284
18693148197
18693773226
13042997073
13139461524
18693700502
13119382655
13139498037
13109390465
13109393005
13038782288
13099391415
18609449533
13099212154
18609387968
13109433814
13109430189
13014181420
13014181623
13038702203
13139253942
13085926252
13014102260
13119308863
13099196794
13099236224
13119468446
18693305994
13099161638
13038793579
13099338697
13038731673
18693339184
18693184848
13099123132
13109479510
13109363420
13119359112
13099393049
13109367423
13038770768
18693177313
13150187032
13139210418
13109318615
18693196201
18693504487
13028797996
13109324561
13109426433
13099366290
13119405522
13109308989
13042983546
13085981306
13085981066
13141934940
13099138710
13119381931
13109480259
13109429256
18693578880
13109360422
18693265145
18693763189
18693946589
18693005522
13034151537
13079315984
18693414996
18693363484
13099167430
18693187789
13028780060
18694155589
13034113514
13028739348
18694139176
13109365436
13119356077
18693046688
13014147985
18693572246
13014180022
18693137656
18693628753
13099145345
13109333526
13099333311
13119410631
18693506085
18693663094
18693152408
13099220733
13042995419
18693709038
13038755556
13119431200
13139440711
18693446514
13079351914
13119343509
13003095868
13075519058
13035067229
13135597590
13033198717
13026077801
13013098024
13035005733
13155388354
13093409314
13023063627
18655560710
13033022634
13014023854
15655557182
13095504668
13084042264
13135504296
13053195012
13013190541
13004014135
13093681002
13085578139
13053135107
13053131211
13195426670
13085563674
13035012588
13085536940
18656388530
18697605234
13083497277
13145573324
18654066932
13093322132
13074074791
13135441914
13167628802
13063366604
13083020113
13156679900
13084080293
13013069540
13075560002
13075560794
13135494989
13155370940
13053022725
18656048161
13170259429
13034066700
13093551541
18655456558
13033100503
13033107773
18655281526
13075561202
18505678540
13155581161
13063362853
13145688965
13170225781
13135517762
13135514333
13145555509
13156501725
18654113746
13033087769
13030648630
13075005830
13053030192
13053145190
13075568334
13156534279
13155335140
18655270201
13034040650
13034044522
13034040026
13085540514
13155116804
13083093225
13170162668
13013080110
13195401515
13033171919
18656504569
13155148971
13074009815
13156662290
13085505232
13156514931
13083391740
18605661821
13145540914
13074017424
13085008340
13085005014
13083002554
18609446800
13139229042
18693732514
13079327814
13119437154
13109363145
13109362417
13038703869
13014180029
13119317708
13034128824
17693066792
18694100842
13139383874
13119310564
13150170331
13109329816
13141757477
13119469175
18609448634
13042962700
13085927734
13028794424
13145240907
13119363337
13099104948
13119426340
13109394573
18693153577
13109438516
13109435766
13135441028
13030637210
18697552740
13030612075
13026020390
18655649087
13004050711
13075554292
13063281624
13085052585
13085053915
18655398090
13093387514
18656417169
13003066624
13075007747
13033099862
13035070995
13093536602
18697608372
18697601309
13075059102
13083086693
18656783227
13085025133
13093576740
13053227601
13014045607
13035478755
18605646503
13075507611
13085049731
13013019933
18697632659
13156664224
13023064702
13013146654
13030631934
13085568111
13085083604
13093369075
18656459005
13063398423
13023003053
13095582570
18656945191
13155250261
13013002762
13063213105
18655760291
13167797924
13135557785
13083245893
18656100617
13033013599
13083008035
13083008450
18656694318
18655890420
18655744575
18655281594
18655876347
13075520625
13074057283
13075581778
18555351654
13155276701
13135403838
13034023317
13095521179
13026021745
13063319932
13063319872
18655202524
13074048402
18697555354
13083000942
18655223737
13004018095
13095547684
13063343842
18654164836
13003049843
13030652809
13155386990
13014023676
13045518291
13155015572
13053039006
13053038081
13155671154
18656552229
13083488979
13035444466
13083329557
18655611495
18655452269
13003087444
13075528605
13053042556
13045560620
13026023931
18655873363
18656823654
13063376985
13135515357
18656087671
18655567524
13075006623
13083084107
13053200311
13170078924
13093555578
13093550080
18656043129
18697605137
18656325641
13075068140
13033066267
13014047027
13083078890
18654175476
13033093198
13045511021
13155287075
18697593224
18697595650
13013139969
13155540418
13093574823
13063363124
13083069665
18655857074
13013074945
13033063101
18697589570
13014064535
13014035054
18655556088
13053036411
13030652561
18656334036
13053041124
13035415295
13083421348
13135573324
13074050055
13033022976
18654123343
13075085877
13013055215
13023082910
13053277364
13083036641
13053182819
13013086324
13075588713
13045577668
18656667568
13013072157
13013071204
13033121918
13045560847
18656616084
13013148302
13083499332
13083492585
13045517011
13083321729
13075540462
13075086894
13013066567
18656203370
18656132207
13083165159
13074005513
13063369094
13085071992
13135512568
13063305717
13026042601
13074089227
18697673669
13063236004
13074060372
13053219622
13034052064
18697588753
13083412218
13063397802
13004073657
13075523799
13023093940
13085542277
13083034664
13004018391
13033162553
13053013233
13035066857
13014037890
13033119294
13033119274
13075039712
13013068616
13053119903
13024074680
13095537877
13053043426
18656888932
13063253134
13035095557
18655364818
13083401606
13093353122
18505645598
13093440603
13093676020
13074020901
18655372081
18656636677
13074013817
13030611315
13085515474
13013119903
13013198384
18655231733
13075581755
18605571006
13063298365
13053286240
13023036553
13063304461
13093551316
18656354791
13095535218
13095535111
13083010993
13085542615
18655709072
18655708532
13013097189
13093318361
13033033424
13003092632
13063452873
13083092214
13023099239
13083052934
13083053003
13095473042
13033165892
13093541610
13085099229
18656972874
13095458285
13085516022
13075598541
13053102030
13145673632
13093512107
18655255741
13083346089
13074040662
13145692228
13030611405
13053203871
13063419902
13085598301
13063221513
13155269957
13093454688
13023068064
13075533253
13156604062
13053097621
18655133171
13023076670
13053110531
13085010053
13093542265
13155551905
18697683606
18697538855
13083337094
13095513154
13095519884
13155109613
18656044444
18656049858
13074073948
13063447554
13013064608
13075038959
13095440971
18609610414
18656163987
18697627114
18697622537
13053055002
13053044616
13053113643
13053119779
13033000031
13084086287
18656526217
13083137904
13095412324
13075517162
13035019692
13074023507
13035444405
13088741358
13034116933
13014193811
18693514413
18693918024
13008734147
13139294133
13119427472
13119425779
13038726355
13038720803
13109464378
13008793941
13119300841
13099110859
13014159253
13008774131
13139220801
13099188249
18609301617
13038777539
18693766657
13195866374
13119422716
13042923374
13042937232
13109338308
13099210633
13034158056
18609447518
13119463170
13099279423
13139420891
13109330256
18693094655
18694304696
13139369042
13150089008
13119302839
13099111938
18693193319
13109487508
13099128258
13141762759
13139418688
13109333947
13109334166
13109494440
13014145577
13109495983
13141764697
13099142206
13150138562
13139477670
13079327557
13109439719
13195848229
13109401821
18693263225
13150198695
13099178290
13028747670
13088721833
13099195988
13109397138
13079355601
13088719853
13119408677
13119402781
18694150212
13079306315
13099155234
13139276886
13141760952
13028791649
13088742756
13085058609
13155165238
13167651782
13093452724
13156534165
13083497060
13167662354
13063338652
13145559971
13093329225
18656452983
13155176274
18655775845
13155620320
13135539598
13083096722
13083310970
18656171037
13093536011
13063419001
13167725834
13145531316
13085529719
13085524997
13030632778
13170056011
13035077201
13075044602
13024006505
13075593774
13053061755
13156527531
13135539794
18656475349
13093558714
13085015217
13045516113
13083382772
13156530782
13093335913
13095555347
13083302498
13085000729
13075019184
13063229968
13063304638
13014032191
13095564233
13155153132
13093657897
13155429237
13156567126
13156666028
13195513695
13095454781
13095454335
13084078731
13003085011
13167747016
13074091779
13155135202
13135558870
13155147819
13093382401
13145601104
13170151637
13083291970
13035496365
13075524984
13013150746
13013151247
18655070581
17681353922
13083226513
13083105485
18656365461
13023098048
13075578944
18654123164
13063236709
13075006565
13075005510
13013093371
18655367380
18655289434
18655600790
13013160001
18697605242
18655628694
13053066713
18655188722
13075051753
13013115040
18655485375
13083103290
13014085011
13085035148
13023027002
18697537214
18697535362
13083096829
13084004928
18655763638
13085068060
13085061620
18654102072
13053250940
13026038194
13075562832
18654032543
13063496011
13063490803
13014048707
13034053035
13093455692
18605684786
13075079864
13023066272
13063419642
18655322801
13004060331
18655217317
13014024245
13013159524
18697589097
13095597025
13084024579
18654112436
18656940577
18656691846
13063207128
18655637087
17682154423
13083407440
18655911213
18655912828
18655731781
13004096267
13053052541
18656045885
18656042740
18656042104
18656043641
13053297070
13075000152
18505570337
18656788470
13084078984
13093675262
13093589509
13083000221
13083006985
18697561280
13063331514
13035402005
13038758336
18693190340
18693800322
13008782522
13042955166
18693437960
18693821884
13109448436
18693096771
18693731292
18693730794
13038721947
18609499441
13088743944
13088744208
18693272627
15682768069
18693252393
18693250825
13099212252
18693068603
13119324860
13099370609
18693425999
13034183768
13109360465
13109360297
13088740977
18693913184
18693917525
18693153342
18693621730
18693909061
18609301957
13119334814
13088759520
13038707908
13109301577
13095594007
13083413239
13053090889
18555219420
18697570106
13063445275
13053068544
13024023080
18656646579
13075000793
18697665792
13085064022
13035465614
18656951849
13145603525
13095421582
13083081180
13053230759
13083317643
13035445590
13075566404
13013044891
18656946755
13026068824
13085571863
13084052224
13035045388
13085539992
13045520934
18656358884
18654154196
13033158661
13053026427
13135406761
18656783234
13145686651
13085079534
13034092887
13135593769
18655831231
18655481732
18655632293
13035094725
13035099217
13145549858
13053084090
13023080043
13093329359
13093323865
13003073665
13093548334
13074079219
13075540124
13075547781
13075547352
18654104916
18605698820
13045500014
13053142877
13085090505
13083026932
18697538072
18655604050
13003094222
13083290082
13063344522
13155221524
18605585919
13013099540
13155560004
13023049207
13034076268
13083373664
18655862184
18656129590
13085088340
13083487092
13083485994
13024091727
13004033042
13063336323
13083059574
18656041284
13074075390
13063219892
13135559193
13083213617
18656986103
18656165254
13063360634
13023051709
13075020584
13053042866
13053044666
13003023587
13075527382
13083036181
13033019979
13093317301
13093548271
18655477884
18655671104
13053110754
13075569133
13075043800
18656607924
18697572207
13145557889
13053019943
13074020271
13003099313
13034095124
13083358041
13035041613
18609651607
13079385334
13034195354
18693822141
13042992926
18693332004
13014024200
13034040924
13003072429
13155299800
13155555475
13093400302
13053177565
13063449459
13045503324
13215527749
13155127338
13063302989
13053119912
13145566335
13083231268
13155457524
13145615002
13034083190
13034084771
13093327067
13083358583
13035068290
13053044843
13014074825
13083324286
13135505113
18555110286
13156596517
13084053574
13083290134
13170231853
13155116224
13155153190
13155488641
18655790914
13155658692
13135553973
13155066517
13205540247
13205543254
13083093840
13093530010
13155193941
13155193940
13155289935
13013182660
13033098119
13053098983
13083042736
13085075779
13013143787
13155040002
13074028749
18656645680
13030692891
13156578524
13095562519
13156546663
18656029263
18697501311
13093696065
13135421582
13135430824
13155312622
13155161777
13156510808
13195509310
13083185422
13135593547
13170002394
13170003305
13063419782
13155341799
13205652530
13156777682
13053012538
13170265310
13084039991
13074070724
13155002814
13053248113
13053274690
13033038503
18656415444
13093608870
13155247532
13053293458
13084040830
13155121819
13093566019
13074061236
13155145136
13155144450
13155145250
13053112530
13083179990
13045561105
18655398668
13085032819
13053025694
13075540104
18656686190
13155601814
13030662902
13084003305
13013077903
18655286779
13167770232
13167771276
13156767807
13156668335
13156663174
13135568674
18656191767
13013029318
13155561552
13003083542
13135590183
13024079779
13083060358
13093676528
18656582111
13053115554
13156755263
13083218910
13155145342
13155650604
13035444487
13156561082
13156613341
13023011357
13035091316
13156683169
13156636058
13155145066
13075591065
13083306224
13145555374
13145550600
13170067784
13053159075
13205543014
13026072224
13109455057
13028798373
13008741654
13109425962
13109426230
18693942377
13014135172
13109476807
18693732174
18693288835
13088793381
13109389203
13109493742
13099197702
13119301844
18609499270
18693098494
18693164939
13119408929
13079302381
13139310659
13139384458
18693107142
13139251899
18693788357
13079399931
13109416216
13139334557
17693195663
18694159361
13109313706
13099246466
13034188262
13150033122
18693291909
13109433489
13014122759
13109371377
13099133205
13014145208
13088719504
13088710755
18509462998
18590688896
18693338021
18693096584
13079306813
18609340104
18693807609
18693434755
18693174736
13119433121
13008711495
18693733245
18693916547
13109409296
13079345537
13109307611
13109304065
13038788739
18693121307
13042919942
13139220193
18693169038
13014105864
13109321808
13139470425
13139474668
18693182957
18693726473
18693304626
13109312665
18693444012
13119457183
13139319083
18693147861
18693272608
13109352376
13099182233
18609430664
13093644450
15656535274
13085044197
13013066359
18656578501
13063475104
13034043402
13034040617
13093306857
18697622391
13063472154
18656994780
13083456238
18655725674
18655665467
13085578511
13085005917
13083398797
18656535204
13003005514
13035479187
13075556795
13075519327
13083001837
18656612575
13075564144
18656489108
13053260690
13083056302
18697506138
13063322574
18654123614
13035407609
13035409479
13035407662
13083395654
13033098387
13095533920
13156750481
13155666044
13093616911
13033120637
13075551125
13095569890
13135475982
13053050637
13083060810
18656962185
13145581601
18655941522
13135510521
13053179641
18656410606
13035018659
13093417702
13074028883
18697530164
13085050504
13083426919
18655587355
13093506675
13045501002
18656943048
13053048011
13075042000
13075553220
13075553569
18655773770
18655421174
13145667198
13155074001
18697559705
13075592001
13085004742
13035444607
13083320505
13083480080
13083331692
18656536374
18655993960
18656456303
18654168246
13014050701
18655968057
18655511956
13004097224
13035409520
13035408564
13030684921
18555505681
18656592129
18693140526
13028774076
13099373246
18693177335
18693085222
18693087259
18693196758
18693412700
18693551099
13008721333
13139358991
13109468858
13034188813
13008706259
13034120617
18693318165
13099396210
13008754289
13109410183
13109393341
13139436216
13088755252
13038732710
18694130691
13109319117
13119451316
18656476032
13024000012
13035475661
18605646245
13083498524
13085553315
13095452701
13063221601
13063307917
13003088523
18697539097
13093506295
13035099814
13035042428
13023086990
13083141862
13035493092
18697503663
18656049140
18656049292
18656049283
18656040239
13093559504
13023059364
18656580037
13135526284
13035024001
18655298942
13035055452
13093527152
13135425128
13003097212
13074063692
18656476164
13093420380
13075037372
13053089992
13083099790
13083182000
13023031510
13093412690
13033008164
13085541779
13093493335
18655358560
13035093524
13156560458
18697536284
18656083933
13084043658
13095592231
18655377939
13083168792
13053092771
13063311657
13155160137
13167620598
13063340910
18656093459
13003055635
13013198611
13013197921
13145510934
13033084813
13003097357
13083089194
13075058074
13034042899
13033012010
13075579301
13075573075
18655366598
13095452774
13083073998
18656323699
13083149174
13053119873
13083090827
18655293678
13063435267
13045514553
13155399904
13075599121
13075540926
13167774671
13013068420
13053018569
13053141761
13030668446
13155143956
13167636974
13033142019
13033148755
13033141922
13063219942
13053021714
18655400425
13083056857
13034024494
13013111145
13030686814
13035052657
13035055462
13024041496
13135562224
13075590707
13083049052
13063446239
13013038535
13093631385
13093630352
13033134715
13083371209
18656047675
13095515515
13084040181
13063419842
18655168195
13063492902
13083010037
13074051573
13023015740
13034098502
13155553430
18656339902
13085018360
13155552554
13083282005
13083287001
13135446784
13084036265
13063385984
13083275274
13135532320
18555962110
13083193929
13063440419
13075085134
13083002351
13155042490
13135570912
13155692652
13145690900
13093421209
13085026692
13085022347
13085022257
13145676609
13075505292
13053060525
18555193479
13034040726
13034042483
18656186401
13026033840
13013016003
18656427742
13008792899
13042999704
13042995823
13109373101
13038796819
13099117494
13034125749
13088715301
18693321121
18693712748
13099243646
13099129552
13099124129
13109496911
13109497149
13099250230
13139366610
13099181581
13034193974
18693167355
13109417678
13014197817
13014195897
18693103121
13099130707
13099210233
18609401108
13099190725
13119471477
13034126767
18693910306
13088719382
13088710248
18694346633
13150034886
13088720600
18693058264
13099225318
13008729897
13119348792
18694118004
13109392324
18693914757
13079329520
13099332027
13099308323
18693779492
18693770340
18693791094
13038728067
13139434342
13028724677
18693088977
18693279284
13099141788
13099143765
13028763978
13139420457
13099204584
13139321223
13099293700
13099170659
13014107833
13119373754
13109301898
13099216952
13109314076
18693769099
18693500036
13109429411
13079372411
13099314234
13109434706
18693324113
18693058137
18693788062
18693281914
18693080299
13085952557
18693127418
18693060877
13099249896
13088704015
13099325561
13038751802
18693333114
13109427017
13119459796
13119459276
13085965789
13109351461
13088757638
13014177207
18693716566
13038798172
13042996764
13042983591
13119443917
13119445901
13099110018
13139358728
13028711577
13109414834
13079325488
18693110537
13008714785
13042991984
13135458183
13195312320
13093389679
13013152162
13155182867
13024081939
13205698490
13045503834
13033056671
18655245467
13083176645
13034068082
13155257820
13167668802
13167724671
13145550563
13083241321
13170208113
13093619983
13225573224
13195553878
13170063442
13195384162
18656592595
13156579134
13145545330
13145542232
13215546269
13170052224
13155601959
13155100741
13085068771
13014025554
13156534373
13225826461
18609670422
13225591118
13155360004
13085097638
18605617794
13045516809
13033133577
13023096141
13053239023
13225610087
13053080087
13167746151
13225884335
13170258082
13053137649
13156558440
13093551328
13084077174
13075055808
13085023261
13156598022
13095493475
13033019807
13155354335
13155357543
13195421131
13063405175
13155620127
13155511395
13083432468
13093333054
13155299734
13155161234
13155160827
13155033374
13083167687
18656353821
13155145050
13156631315
18654196135
13026097146
18697683029
18656059308
13156552941
13023061727
13155182213
13195635927
13156659739
13145517954
13155436667
13156700864
13170162347
13155408575
18654107146
18656384569
13155289902
13205633137
13093667690
13093660514
13156777353
13035060243
13013104113
13093457020
13095540741
13093391857
13083095252
13033057114
13083085914
13093498885
13093409191
13093402589
13093576779
18656536004
18656539902
13093387315
13053046242
13013183900
13155428012
18697590403
13035055757
18656686809
13063388077
13013078031
13095490021
13085598590
13085518582
18656852558
18655252387
13155257497
13053268279
18697505935
13083395375
13145579960
13075556713
13074009650
13034040849
13034042352
13035442749
13075531239
13023060433
13045532432
18656045034
18656667683
13085566822
13003004212
18656510704
13024093940
13093521364
18656448863
13023006784
13095546253
13013195153
13013193423
13033096428
13083407954
13083408450
13075577315
13053168597
13033148992
13093341892
13045586255
13093551190
18655586354
13053246272
13033105559
13093635040
13093633589
18656265397
18655429294
13083228172
13013146769
13013097024
13093540855
13063221935
18656531863
13093331201
13093336890
13033161779
13145679001
13074033517
13074036036
13053179624
13074049601
13083413308
13014019921
13033093705
13093609422
13083446622
13084074446
13083280004
13083187658
13093333522
13035088584
13063211674
18605659450
18655184569
13013073379
13013145860
13093365824
13033091831
18656674458
13083008840
13053228802
13034073954
18655826541
13084040608
13033142224
13033142000
18656093982
13063382924
18697658247
13135523117
18555570032
18697631788
13083204422
13035059801
13083059286
13085554011
13155016557
13095460797
13083457007
13145599994
13083232001
13034041345
13093676875
18697555372
13074019435
13035405907
13095573173
13145555373
18655140762
13075576603
18656992952
13053043796
13053045882
13083087183
13013122917
13083308374
13053010013
13083366974
13024088820
13053049768
13053044336
13053042549
13074082391
13035028308
13034043677
13035050403
13035052383
13035057504
18697639729
13075593284
13093663924
13075055401
13033032717
13024021665
18656073024
13085065075
13083118891
13023003753
13093602805
13083245680
13145646694
13155243779
13156569825
13023018002
13033095313
13075540586
13013032509
13083223392
13083222923
18654065835
13053045443
13053037062
13042946842
13034159414
13079380040
18693700179
18693023950
18693509854
13085934598
18693144360
13155193851
13155191203
13145683860
18656963061
13053175529
13156765707
13013129959
13155553137
13155281804
18697568107
13035405780
13095578830
13014024045
13053189646
13026085840
13079309612
13088713335
18693505904
13008782905
13008789903
18693707895
13141931509
18693790008
13291047989
18693056135
13119482000
13119485315
13034199170
18693759529
13008710303
18693782409
18693781471
13109356449
13109348874
18693578633
13139310336
18693847218
18693733779
18693730207
18693555457
18693276829
13085903054
13139288113
13119407241
13119438118
13042994710
13109310693
13014103997
13008785166
18693244054
13088726239
18693043870
13109333227
13109339773
13150087590
18609409470
18609475894
18693750884
13109402871
18693114496
18693068678
18693719415
18693434783
18693431492
13008717728
13085909660
18693205154
18693133164
18693275484
18693300346
18693277699
13088721338
13008721362
13014171335
13099129812
13028760234
13109364739
13003051755
13003058753
17605609201
18656610359
18656503367
18697538718
13033101728
18656141417
18655174160
18655775461
18697566608
13030665763
13030665692
13033133728
13023007310
15551352152
13083113283
13053049121
13053046514
13095492598
13003090341
18609611481
18655959932
13035429142
13004065267
13004068034
18656217546
13033021994
18656333223
13063446008
13063447630
13033088560
13083079122
13083075524
18656043509
18656045023
18656040384
18656047861
18697505625
18655900691
18655450624
18655191468
18655198326
13024043575
18655142622
18655455854
18655755033
18655759573
13074010995
13063219822
13033111599
13085520379
13063229921
13083468302
13075552294
18656738624
18656082728
18655149308
18655149855
13053063059
18505630552
18656042400
18656048630
13013076447
13013071835
13053136327
13083411823
18654123044
18656686752
13033172334
18656989535
13063212343
18697699495
18655733813
13083008779
18697686477
13053174968
13063445994
13063449961
13013086954
13013087003
13083273773
13093627840
13093622657
13034040734
13045589890
18655545224
13093550534
13083233562
18656489549
13135553895
18654169107
18654164216
13023057610
18655105764
13033020392
13063452225
13053104095
13026065328
13003092914
13023062634
13024046899
13075590064
13035016210
13030678139
13013161621
13083021673
13003020346
18656997094
13093605164
18655111553
13053082268
13085008858
13085001274
18655876421
13053061420
18555482913
18655705293
18655677017
13033089192
13026004130
13004058773
13045561962
18697505304
18697502223
13003069271
18655692825
13083139680
13085099872
13075580770
13075586292
18697689141
18655184190
18697546782
18656330522
13074081557
18654149994
13035054669
13053197123
13045507982
13045506942
13085036006
13083186935
13035027449
13004014270
13014055561
18656105004
13075586071
13075587063
13075582052
13063305674
13026018299
13085554133
13093423557
13093428364
18697531712
13013138092
18655666505
13075540472
13075048278
13033110850
13033113115
18655005684
13034047244
13034046991
18655160673
18693934402
13038702529
18693310436
18693507262
18693538123
13038732008
13099288681
18693072099
13119300797
18693921076
18693141114
18693149599
18693772390
18693082680
18693616890
18693701824
18693955452
13109477729
13034153446
13008787822
18693279790
13028723376
18693555492
13119307499
13034143951
13085999577
13079366749
13014111215
13079300165
13008773675
18693713510
18693128640
13099378691
18693921748
18693735274
13008717367
13099346451
13109333545
13008794224
13034124210
18693901266
18693508694
13028732574
13088795449
13209361452
13038750533
18694106599
13099278630
13088717169
13075500070
13083455734
13014030779
13093637834
13063333082
18697622143
13003095240
13003094168
13003094514
13156625589
13063462825
13155324522
13033194460
13033020219
13063332423
13013190787
13145577523
18609631415
13083238002
13079374303
13150148189
18693726040
13099155556
18693436928
18693195860
13139432731
13034151212
13119440442
13038761114
13109361005
18693894215
13139287028
18693316263
13079303092
13038736484
13109318916
13014151911
13088796049
13079318208
13119374068
13034180714
13119347157
13119402185
13150064163
13079316396
13034139208
13109372512
13038799709
13008773786
18693176546
18693786791
18693184432
13119493520
13014190484
18693305088
13042988878
18693260370
18693324850
18693620714
13079313179
13099190351
13150003307
18694306742
18693404434
13099119015
18693419599
13109331717
13008766854
13109309594
18693166780
13085944668
18693144923
18693215890
13109352964
13088719738
13014166625
13099284476
13155297503
13085026397
13093303861
13093309854
13170026399
13074056841
13083438704
13083431117
13063438239
13155078265
13004040502
13093352722
13035401530
13155053530
13023080654
13023083030
13156648838
13063331296
13033150668
13023050455
13155156791
13083081987
13155536624
13085503861
13085507053
13085508042
13003028015
13083026509
13063246668
13053298130
13170048408
13035023308
13075096634
13195559557
13074001992
13003052352
13026028640
13095529055
13035444451
13063430593
13155533233
13033005224
13003091373
18697546039
13095543401
13145649217
13083403581
13013023311
13083000030
13205614668
13156655821
13045510602
13033127619
18656560006
13085564565
18697551101
13145554351
13053089782
13083452341
13074090003
13156747261
13063344713
13095515755
13155206203
13093565170
13093583520
13083490169
13083499810
13195593070
13155015625
13170014350
18555964759
13035013939
13063397998
13030623890
13155358054
13083073002
13156515513
13156517267
13156519880
13075597759
13053062008
13145555673
13156678922
13085586615
13085580814
13083420557
13084007115
13155572990
13013093249
13156757687
13083007604
13035019511
13004097679
13053088394
13145529952
13008785984
13139440003
13139210613
13109353376
18693758183
13034181335
13085993313
18693768813
13139485598
18693292862
13139455467
13119422722
13014163446
18693524083
13109339934
18693438610
13109314658
13099241687
18693247488
13014195314
13014146633
18694300012
13141922347
18693261549
13008784613
13008782256
13038785233
13109477378
18693104569
18693755869
18693704044
18693706091
13109432876
13109397972
13028753567
13099386327
13099389002
18693370000
13008738722
13139310175
13109313483
13038718886
13038769794
13139271739
13109337557
13008786473
13119486055
13109354456
18693578928
13079397179
18693656638
13141762865
18693705163
13099195406
13042950878
13042993602
13088741116
18693823153
13038773293
18693276855
13008784559
13042972711
18693549830
13014118870
18693727170
18693575679
18693261211
18693072611
13008733900
13038712176
18693620494
18609400821
13099396670
13109483700
13034174341
18693262122
18693161367
13119311560
13119318876
18693364336
13038769894
13150128372
13083089025
13033112141
13003031557
13085035724
13083410001
13013091733
13013090819
13155276691
13093550205
13023001590
13215696674
13013087594
13013015883
13155576148
13155133253
13085549401
13075595147
13167615931
13033007138
13156572084
13215516315
13167768664
13063419783
13167745042
13155144550
13155109922
13083006281
13083000135
13053010580
13045559220
13145550165
13155043390
13063324006
13156601224
13083061614
13075093959
13155172682
13170102779
13170109334
13167738585
13155255474
13155165605
13084013890
18655459889
13093337240
13085045712
13083443432
13155669791
13156652354
13156527555
13155148863
13155144795
13085039418
13085037035
13095504486
13155251653
13155692237
13033033325
18655030862
13156683863
13075516843
13093409564
13013039847
13170256670
13095558575
13035013708
13170170112
13135533632
13155525834
13155165499
13155165329
13095451889
13095452237
13195363502
13035098253
13195401505
13156553734
13167738062
13135519022
13155159274
13155154691
13034040717
13030663340
13135509067
18656059169
18697587294
13156577517
13155123517
13155145096
13135555624
13053082784
18654115959
13095452307
13026026557
13155377052
13093555523
13013081847
13026060905
13075540676
18656997400
13155251570
13053057594
13085541032
13085054582
13093310824
13085003394
13085002805
18655751303
13083184616
13085070034
13083301309
13083273262
13013036704
13013133008
18656421984
13074051777
18655623640
13074010350
18609651019
18656814374
18656046889
13063467555
18654168184
13074067783
13095511134
13024035625
18656093630
13075033446
13135515105
18656625912
18656623581
13023080393
13155093458
13030608955
13063374788
13003068518
13033127710
13155699361
13085040857
13013165369
13063253683
13053222090
13053036992
13063416701
13083278628
13004083664
13093406064
18656390332
18656121884
13003089522
13003081172
18656691726
18697600446
18656971314
13095569654
13083255058
13083358382
13035455668
18655128034
13034012779
13083229315
13075587294
13063370072
13074086782
13003031373
13003030398
13167709811
13083461113
13084071100
13083339631
13083333347
13053235510
13145559385
13004058182
13155240732
18656845117
13026025724
13093589225
13045511375
13075066884
13093348172
13003025525
18656134215
13013098904
18697605084
13084038515
13145529235
13014034364
13013199954
13053059982
13084003224
13024012204
18656979284
13135528163
13155550417
13093460325
13013075340
13205520924
13195570154
13063310628
13155169594
13155167393
13155657557
13156659182
13033153337
13205647587
13155560315
13145603068
18605590344
13085529295
13083175071
13135566252
13167713124
13225692724
13167731235
18655007099
13155375111
13195386303
13145567025
13155302201
13145549589
13083208887
13195403018
13155362388
13075001974
13135582694
13145648470
13145644495
13085020697
13145517902
13033066274
13083215547
13084084411
13135519757
13155449914
13170244569
13156549138
13195459410
13167650024
13093483041
13195337101
13063222398
13095595995
13155124602
13135442335
13013066649
13083391530
13034041251
13035444566
13033140615
13075555261
13205623200
13083242977
13093602824
13063357446
13155233702
13145545692
13135542220
13145679533
13155387533
13155304968
13075527314
13084044928
13013141084
13145559422
13145550118
13155430011
13145688604
13035084445
13083018440
13167602253
13083225970
13156510362
13063448307
13135510728
13034140774
18693173940
13139209791
13139200325
18693808700
13119406977
13023087779
13030635194
13155109564
13034075188
13033065075
13170287938
13026027331
13155574224
13053241664
13085521124
13083412030
13083413338
13075570614
13145510660
13013080045
13093420821
13205595524
13109421887
18693329347
13088785897
13008767900
13063410932
13035444496
18555800894
18655779870
13075081204
13053234570
13063319933
13003063112
18655130868
13026069921
13003086955
13084075574
13023095828
18697530364
18655761018
13083144754
13075520748
18697562020
13023081004
13003026190
18697547023
13135555937
13034044274
13034040894
13085520858
13095444501
13093359945
13026022194
13045518373
13053151269
13095515945
13033149422
13030646585
13013140226
13093398174
13083048981
13053210862
13095407185
13003028241
13063248184
13083490567
13083365757
13033159502
13075567714
13063398490
13030631236
13075572350
13013016228
13013017476
13013019913
13095469548
13085002832
18609685564
13156712161
13053065837
13033012668
13135556597
13026098279
13085080308
13053027697
13053219833
13093313924
13083087779
13045556827
13034042312
13034042815
17681201688
13083064776
18605616499
18655362763
13083430103
13013070206
13085587534
13085580860
13026030887
13033007541
13033001065
13035055894
13035058758
18656931617
13013191290
18654181046
18655109084
13093567945
13024033105
13013125093
18655317745
18655313364
18655759512
13075027157
18656550762
18555034929
13023087073
13093350002
13013019963
13083055242
13033082235
13023093135
13063300903
18505563324
18655668671
13095517313
13033022390
13033022747
13093399124
18656156298
13155481574
18655120238
18655106982
13145620918
13063245446
13023004779
13053150302
13013022674
13095432890
13033017624
13063319922
13033046048
13085598884
13093572729
13083497957
13085567233
13135577239
13013099053
13085558317
13075598648
13053192890
13145666654
13026078120
18655145857
18655143489
13119408780
13167720557
13013133471
13013138634
13155472324
13205551820
13155333915
13170156762
13145555755
13093414163
13085589259
13084045222
13084048130
13084042160
13155372501
13215566855
13135507809
13135508872
13093558264
13093482792
13205590578
13093321932
13155065154
13145685313
13083099614
13156677660
13155185077
13155063688
13083466884
13135466224
13145556052
13205604185
13156502804
13135593337
13135599002
13135489035
13023058162
13135445849
13063348901
13145590001
13156699062
13156529892
13083082285
13155658914
13156541637
13167781340
13033101348
13135548300
13093679088
13093613112
13135419557
13155578121
13075584335
13035442556
13083459004
13083329615
13155111224
13053237239
18655779304
13093590125
18656165998
13093469931
18697623895
13053043826
13053043176
13063253639
13063258009
18656843486
13023009608
13093621197
13034050959
18656184140
13030662145
18656608757
13034041215
18697606175
13003027638
18654111741
18654119022
18655054033
13013019446
13085588907
13026041236
18605649294
13053152461
15695670593
18656038053
13083033224
18655425022
13053122624
18656949272
13004040380
13093635992
13083385623
13033067332
18654059918
13063480803
18656613964
13023011594
13085055891
13095537076
13084070327
13095502779
18656578733
18656675101
18656222624
13035035514
13093693890
13035435524
18656445241
13093408812
18656521167
13083096305
13083094899
13083097638
13035002377
13033060051
18656465183
18655938739
13093545204
13053200914
13053207724
18697565094
18655942218
13053032434
13063213346
13063219922
13063212201
13013144424
13095521923
13063435840
13013017140
13033190421
13083073175
13084030814
13035040002
13063493867
13083377503
13074001446
13013033934
13083120734
13083123185
18697565741
13014064660
13145555344
13063453620
18655901974
13035475727
13045504509
13013109889
18605605504
13085029597
18605698813
13034040484
13063486222
13093456565
18555888912
18697670320
13023019862
13063338838
18655749485
13063323352
13063219802
13063468474
13095450131
13003006811
13023056324
13135416267
13026006564
14520972594
13075555034
13075557123
18656028831
13033051316
13035042713
13084020742
13155695718
13093360813
13013059512
13083176385
13053277133
13053028094
13167696073
13023005075
13023003687
13083088964
13155130701
13155132274
13013123529
13170015801
13135586334
13167607055
13145667302
13024094959
18656554490
18656631340
13093663854
13034056515
13034055102
13095520270
13155696021
13155698119
13033017072
13155381003
13155132764
13033051319
13085073009
13075567593
13095470304
13083488361
13013140584
18656812355
13085041900
13003009637
13093339778
13074040741
13083492135
13156544557
13074024578
13170223424
13033004254
18656807988
13045573446
13083311884
13156666545
13063460192
13093396401
18655998489
13030689577
13075550779
13155137834
13045548928
13145516484
13156580760
13033121113
13030676293
13083225557
13167652347
13167675770
13095593719
13170069395
13170061176
13084020519
13013142016
13026058113
13155531600
13145606020
13023069935
13167690057
13095468121
13155666569
13023080975
13135489790
13156507963
13156501334
13013186593
18655812555
13063395864
13084031431
13014079639
13034022317
13003053279
18656280085
13004023233
13085597668
13095402608
18697688076
13155356182
13156779840
18697633057
18655081842
13155647890
13155563054
13155562613
13155563218
13155455031
13167601107
13135585779
13093475940
13075539697
13170148473
13155692811
13030634074
13084083515
13093466657
13167732720
13145625890
13156534378
13093399272
13083007671
13013092941
13075085107
13135571240
13075587640
13053039595
13003065527
13156540717
13063447847
13155158107
18654167511
13205529512
13035479992
13013039378
18697595094
13095452672
13074089981
13205653103
13083327853
13093439759
13034042863
13034044857
13085066615
13135558240
13150191537
13099327355
13141753483
13150040699
18693128522
18693122420
13088717640
13109372306
13139343108
18693057020
13109337231
18693075852
18693049102
18693620432
18693272273
13099336178
13099247520
13150022457
13008717154
18693002284
18693910691
13099322133
18693750977
13099126140
18693814098
13042948833
13139463113
18693195990
13119330932
13195825134
13119444367
13209480830
13088764470
18693113080
18693753443
13008793526
13139263009
13109495604
13141766889
13119348010
13195929224
13008722920
18693006621
13088743039
13150004557
13119351082
13139275795
13109365920
13099373451
13085985356
13139201141
13150095932
13042989696
13028755655
13139460970
18693583618
18694158083
18693620281
13119431781
13139356351
13042956994
13008743932
13119369437
13088719267
13088716409
13141948826
13014122214
13109413049
18693925335
13119308041
13038788511
13085940009
13008794184
13042998115
13109425389
13038730837
18693366897
13038782609
18693033109
18693151677
13099114022
13150063466
18693620722
18693626643
13109484759
13099124639
13141923727
13088745233
13028790727
13088729789
18609426198
13139289668
13034196224
13150128274
13099293828
18693129451
13079325510
18693815872
13119461614
18693765934
18693055756
18693256803
18693923241
18693739773
18693733080
13085922300
18693273943
13109471749
13099266965
13139382483
13088725064
13088723681
13028721511
18693551012
18693219511
13109465246
13088744744
18693516588
18693092744
13109495820
13014139905
13028757223
13099101213
18693317224
18694131821
18693767530
13088748051
13079366046
13079365747
18694108639
13109434601
13119422001
13099339399
13034107592
13119450331
13014111781
13079322123
13109325739
13038702967
18693774221
13119495746
13028731400
18693284848
13099354740
13088781830
13088701022
13099270446
13079332335
18693443660
13079315924
